list(
n1 = 100,
r = 70,
lambda = 70,
p = 0.5,
pStar = 0.5
)