35	0.6258
36	0.7387
37	0.8855
38	0.6161
39	0.8903
40	0.3806
41	0.2661
42	0.2984
43	0.3371
44	0.6403
45	0.9677
46	0.9645
47	0.1774
48	0.7339
49	0.4419
50	0.4339
51	0.5952
52	0.221
53	0.9081
54	0.5161
55	0.2452
56	0.3387
57	0.1968
58	0.9435
59	0.3339
60	0.3242
61	0.8677
62	0.2823
63	0.3194
64	0.9532
65	0.8355
66	0.2048
67	0.2694
68	0.7161
69	0.8258
70	0.6806
71	0.3129
72	0.2565
73	0.9629
74	0.8161
75	0.6065
76	0.3339
77	0.7726
78	0.6613
79	0.7097
80	0.5194
81	0.6403
82	0.4032
83	0.7661
84	0.1935
85	0.321
86	0.279
87	0.279
88	0.2919
89	0.5258
90	0.2823
91	0.3823
92	0.3387
93	0.5645
94	0.9403
95	0.2
96	0.7629
97	0.4194
98	0.1774
99	0.6387
100	0.6065
101	0.1887
102	0.7226
103	0.7387
104	0.7339
105	0.5855
106	0.5806
107	0.2565
108	0.6371
109	0.8855
110	0.6016
111	0.6081
112	0.9661
113	0.95
114	0.2435
115	0.7355
116	0.2935
117	0.4984
118	0.9403
119	0.8194
120	0.7597
121	0.6806
122	0.7919
123	0.2177
124	0.3823
125	0.8
126	0.6968
127	0.4032
128	0.1919
129	0.8468
130	0.7677
131	0.9016
132	0.471
133	0.4065
134	0.3581
135	0.321
136	0.5161
137	0.4339
138	0.5371
139	0.9419
140	0.8339
141	0.5645
142	0.6403
143	0.6613
144	0.5581
145	0.7371
146	0.8839
147	0.7
148	0.6177
149	0.2065
150	0.279
151	0.7629
152	0.4887
153	0.6387
154	0.4274
155	0.5516
156	0.4065
157	0.2194
158	0.6919
159	0.7726
160	0.2177
161	0.9645
162	0.3129
163	0.9323
164	0.7242
165	0.8774
166	0.75
167	0.6887
168	0.9145
169	0.7919
170	0.5935
171	0.95
172	0.7387
173	0.6177
174	0.9726
175	0.629
176	0.7419
177	0.2258
178	0.6355
179	0.929
180	0.9597
181	0.2984
182	0.5113
183	0.8
184	0.7855
185	0.7435
186	0.5548
187	0.4629
188	0.8645
189	0.8484
190	0.3726
191	0.3968
192	0.6613
193	0.9532
194	0.5645
195	0.3258
196	0.4065
197	0.6177
198	0.8306
199	0.5565
200	0.2129
201	0.971
202	0.7565
203	0.3613
204	0.2226
205	0.4661
206	0.579
207	0.75
208	0.4597
209	0.4403
210	0.579
211	0.3871
212	0.3516
213	0.5161
214	0.6855
215	0.4855
216	0.7161
217	0.4323
218	0.4032
219	0.7274
220	0.2855
221	0.4081
222	0.1935
223	0.5516
224	0.2758
225	0.9306
226	0.3339
227	0.2855
228	0.9677
229	0.971
230	0.3661
231	0.1758
232	0.3339
233	0.6419
234	0.9694
235	0.1903
236	0.3306
237	0.271
238	0.4742
239	0.9468
240	0.8694
241	0.9419
242	0.3048
243	0.4065
244	0.2113
245	0.6403
246	0.4968
247	0.8468
248	0.9403
249	0.7113
250	0.9113
251	0.8016
252	0.3677
253	0.8919
254	0.4935
255	0.8758
256	0.5758
257	0.5081
258	0.2242
259	0.8774
260	0.1968
261	0.5935
262	0.7871
263	0.229
264	0.3161
265	0.4419
266	0.4258
267	0.3323
268	0.3016
269	0.6742
270	0.1935
271	0.2661
272	0.2887
273	0.7581
274	0.8871
275	0.8194
276	0.3516
277	0.3129
278	0.7774
279	0.8226
280	0.3903
281	0.3742
282	0.5871
283	0.6032
284	0.9129
285	0.9
286	0.6887
287	0.9274
288	0.3435
289	0.2758
290	0.6806
291	0.4935
292	0.7145
293	0.8032
294	0.6032
295	0.2484
296	0.2065
297	0.7645
298	0.6032
299	0.3855
300	0.1774
301	0.829
302	0.4774
303	0.4435
304	0.8516
305	0.5742
306	0.6629
307	0.2645
308	0.5097
309	0.2258
310	0.8435
311	0.5839
312	0.7016
313	0.5403
314	0.6387
315	0.6242
316	0.4435
317	0.8694
318	0.9371
319	0.9113
320	0.6258
321	0.3145
322	0.2839
323	0.2903
324	0.5726
325	0.8532
326	0.5274
327	0.3323
328	0.4855
329	0.5935
330	0.35
331	0.3016
332	0.5968
333	0.3581
334	0.8758
335	0.8903
336	0.2113
337	0.2597
338	0.6774
339	0.7145
340	0.2129
341	0.4403
342	0.4339
343	0.4339
344	0.9032
345	0.8258
346	0.829
347	0.5806
348	0.7565
349	0.529
350	0.1919
351	0.8177
352	0.6984
353	0.1742
354	0.5887
355	0.9226
356	0.7016
357	0.8306
358	0.3581
359	0.7952
360	0.2258
361	0.35
362	0.971
363	0.8242
364	0.9113
365	0.5306
366	0.1823
367	0.179
368	0.2113
35	215.0
36	145.0
37	54.0
38	221.0
39	51.0
40	367.0
41	438.0
42	418.0
43	394.0
44	206.0
45	3.0
46	5.0
47	493.0
48	148.0
49	329.0
50	334.0
51	234.0
52	466.0
53	40.0
54	283.0
55	451.0
56	393.0
57	481.0
58	18.0
59	396.0
60	402.0
61	65.0
62	428.0
63	405.0
64	12.0
65	85.0
66	476.0
67	436.0
68	159.0
69	91.0
70	181.0
71	409.0
72	444.0
73	6.0
74	97.0
75	227.0
76	396.0
77	124.0
78	193.0
79	163.0
80	281.0
81	206.0
82	353.0
83	128.0
84	483.0
85	404.0
86	430.0
87	430.0
88	422.0
89	277.0
90	428.0
91	366.0
92	393.0
93	253.0
94	20.0
95	479.0
96	130.0
97	343.0
98	493.0
99	207.0
100	227.0
101	486.0
102	155.0
103	145.0
104	148.0
105	240.0
106	243.0
107	444.0
108	208.0
109	54.0
110	230.0
111	226.0
112	4.0
113	14.0
114	452.0
115	147.0
116	421.0
117	294.0
118	20.0
119	95.0
120	132.0
121	181.0
122	112.0
123	468.0
124	366.0
125	107.0
126	171.0
127	353.0
128	484.0
129	78.0
130	127.0
131	44.0
132	311.0
133	351.0
134	381.0
135	404.0
136	283.0
137	334.0
138	270.0
139	19.0
140	86.0
141	253.0
142	206.0
143	193.0
144	257.0
145	146.0
146	55.0
147	169.0
148	220.0
149	475.0
150	430.0
151	130.0
152	300.0
153	207.0
154	338.0
155	261.0
156	351.0
157	467.0
158	174.0
159	124.0
160	468.0
161	5.0
162	409.0
163	25.0
164	154.0
165	59.0
166	138.0
167	176.0
168	36.0
169	112.0
170	235.0
171	14.0
172	145.0
173	220.0
174	0.0
175	213.0
176	143.0
177	463.0
178	209.0
179	27.0
180	8.0
181	418.0
182	286.0
183	107.0
184	116.0
185	142.0
186	259.0
187	316.0
188	67.0
189	77.0
190	372.0
191	357.0
192	193.0
193	12.0
194	253.0
195	401.0
196	351.0
197	220.0
198	88.0
199	258.0
200	471.0
201	1.0
202	134.0
203	379.0
204	465.0
205	314.0
206	244.0
207	138.0
208	318.0
209	330.0
210	244.0
211	363.0
212	385.0
213	283.0
214	178.0
215	302.0
216	159.0
217	335.0
218	353.0
219	152.0
220	426.0
221	350.0
222	483.0
223	261.0
224	432.0
225	26.0
226	396.0
227	426.0
228	3.0
229	1.0
230	376.0
231	494.0
232	396.0
233	205.0
234	2.0
235	485.0
236	398.0
237	435.0
238	309.0
239	16.0
240	64.0
241	19.0
242	414.0
243	351.0
244	472.0
245	206.0
246	295.0
247	78.0
248	20.0
249	162.0
250	38.0
251	106.0
252	375.0
253	50.0
254	297.0
255	60.0
256	246.0
257	288.0
258	464.0
259	59.0
260	481.0
261	235.0
262	115.0
263	461.0
264	407.0
265	329.0
266	339.0
267	397.0
268	416.0
269	185.0
270	483.0
271	438.0
272	424.0
273	133.0
274	53.0
275	95.0
276	385.0
277	409.0
278	121.0
279	93.0
280	361.0
281	371.0
282	239.0
283	229.0
284	37.0
285	45.0
286	176.0
287	28.0
288	390.0
289	432.0
290	181.0
291	297.0
292	160.0
293	105.0
294	229.0
295	449.0
296	475.0
297	129.0
298	229.0
299	364.0
300	493.0
301	89.0
302	307.0
303	328.0
304	75.0
305	247.0
306	192.0
307	439.0
308	287.0
309	463.0
310	80.0
311	241.0
312	168.0
313	268.0
314	207.0
315	216.0
316	328.0
317	64.0
318	22.0
319	38.0
320	215.0
321	408.0
322	427.0
323	423.0
324	248.0
325	74.0
326	276.0
327	397.0
328	302.0
329	235.0
330	386.0
331	416.0
332	233.0
333	381.0
334	60.0
335	51.0
336	472.0
337	442.0
338	183.0
339	160.0
340	471.0
341	330.0
342	334.0
343	334.0
344	43.0
345	91.0
346	89.0
347	243.0
348	134.0
349	275.0
350	484.0
351	96.0
352	170.0
353	495.0
354	238.0
355	31.0
356	168.0
357	88.0
358	381.0
359	110.0
360	463.0
361	386.0
362	1.0
363	92.0
364	38.0
365	274.0
366	490.0
367	492.0
368	472.0
35	0.3281
36	0.42
37	0.6604
38	0.3221
39	0.6731
40	0.2225
41	0.1934
42	0.2008
43	0.2104
44	0.3376
45	0.9722
46	0.9545
47	0.1756
48	0.415
49	0.2419
50	0.2392
51	0.3097
52	0.1839
53	0.7241
54	0.2706
55	0.1888
56	0.2108
57	0.1792
58	0.8537
59	0.2096
60	0.2071
61	0.6176
62	0.197
63	0.2059
64	0.8974
65	0.5526
66	0.1807
67	0.1941
68	0.3977
69	0.5357
70	0.3671
71	0.2043
72	0.1913
73	0.9459
74	0.5198
75	0.3163
76	0.2096
77	0.4585
78	0.3523
79	0.3918
80	0.272
81	0.3376
82	0.2293
83	0.4506
84	0.1786
85	0.2063
86	0.1963
87	0.1963
88	0.1992
89	0.2749
90	0.197
91	0.2229
92	0.2108
93	0.2933
94	0.84
95	0.1798
96	0.4468
97	0.2344
98	0.1756
99	0.3365
100	0.3163
101	0.1777
102	0.4038
103	0.42
104	0.415
105	0.3043
106	0.3017
107	0.1913
108	0.3355
109	0.6604
110	0.3134
111	0.3172
112	0.9633
113	0.8824
114	0.1885
115	0.4167
116	0.1996
117	0.2632
118	0.84
119	0.525
120	0.443
121	0.3671
122	0.4839
123	0.1832
124	0.2229
125	0.4953
126	0.3804
127	0.2293
128	0.1783
129	0.5738
130	0.4526
131	0.7047
132	0.2524
133	0.2303
134	0.216
135	0.2063
136	0.2706
137	0.2392
138	0.28
139	0.8468
140	0.5497
141	0.2933
142	0.3376
143	0.3523
144	0.2901
145	0.4183
146	0.6563
147	0.3832
148	0.3231
149	0.181
150	0.1963
151	0.4468
152	0.2593
153	0.3365
154	0.237
155	0.2869
156	0.2303
157	0.1836
158	0.3763
159	0.4585
160	0.1832
161	0.9545
162	0.2043
163	0.8077
164	0.4054
165	0.6402
166	0.4321
167	0.3737
168	0.7447
169	0.4839
170	0.3088
171	0.8824
172	0.42
173	0.3231
174	1.0
175	0.3302
176	0.4234
177	0.1849
178	0.3344
179	0.7955
180	0.9292
181	0.2008
182	0.2685
183	0.4953
184	0.4751
185	0.4251
186	0.2885
187	0.2494
188	0.6105
189	0.5769
190	0.2201
191	0.2273
192	0.3523
193	0.8974
194	0.2933
195	0.2075
196	0.2303
197	0.3231
198	0.544
199	0.2893
200	0.1823
201	0.9906
202	0.4393
203	0.2169
204	0.1842
205	0.2506
206	0.3009
207	0.4321
208	0.2482
209	0.2414
210	0.3009
211	0.2244
212	0.2143
213	0.2706
214	0.371
215	0.258
216	0.3977
217	0.2386
218	0.2293
219	0.4086
220	0.1977
221	0.2308
222	0.1786
223	0.2869
224	0.1955
225	0.8015
226	0.2096
227	0.1977
228	0.9722
229	0.9906
230	0.2183
231	0.1753
232	0.2096
233	0.3387
234	0.9813
235	0.178
236	0.2087
237	0.1944
238	0.2536
239	0.8678
240	0.6213
241	0.8468
242	0.2023
243	0.2303
244	0.182
245	0.3376
246	0.2625
247	0.5738
248	0.84
249	0.3933
250	0.7343
251	0.4976
252	0.2188
253	0.6774
254	0.2612
255	0.6364
256	0.2991
257	0.2672
258	0.1845
259	0.6402
260	0.1792
261	0.3088
262	0.4773
263	0.1855
264	0.2051
265	0.2419
266	0.2365
267	0.2092
268	0.2015
269	0.3621
270	0.1786
271	0.1934
272	0.1985
273	0.4412
274	0.6646
275	0.525
276	0.2143
277	0.2043
278	0.4646
279	0.5303
280	0.2253
281	0.2206
282	0.3052
283	0.3144
284	0.7394
285	0.7
286	0.3737
287	0.7895
288	0.2121
289	0.1955
290	0.3671
291	0.2612
292	0.3962
293	0.5
294	0.3144
295	0.1895
296	0.181
297	0.4487
298	0.3144
299	0.2239
300	0.1756
301	0.5412
302	0.2549
303	0.2425
304	0.5833
305	0.2983
306	0.3535
307	0.193
308	0.2679
309	0.1849
310	0.5676
311	0.3035
312	0.3846
313	0.2815
314	0.3365
315	0.3271
316	0.2425
317	0.6213
318	0.8268
319	0.7343
320	0.3281
321	0.2047
322	0.1974
323	0.1989
324	0.2975
325	0.5866
326	0.2756
327	0.2092
328	0.258
329	0.3088
330	0.2138
331	0.2015
332	0.3107
333	0.216
334	0.6364
335	0.6731
336	0.182
337	0.192
338	0.3646
339	0.3962
340	0.1823
341	0.2414
342	0.2392
343	0.2392
344	0.7095
345	0.5357
346	0.5412
347	0.3017
348	0.4393
349	0.2763
350	0.1783
351	0.5224
352	0.3818
353	0.175
354	0.3061
355	0.7721
356	0.3846
357	0.544
358	0.216
359	0.4884
360	0.1849
361	0.2138
362	0.9906
363	0.533
364	0.7343
365	0.277
366	0.1765
367	0.1759
368	0.182
35	0.9433
36	0.9541
37	0.9631
38	0.9422
39	0.9634
40	0.8851
41	0.7792
42	0.8247
43	0.8595
44	0.945
45	0.9668
46	0.9667
47	0.2273
48	0.9537
49	0.9086
50	0.9061
51	0.9395
52	0.6531
53	0.9642
54	0.9267
55	0.7344
56	0.8607
57	0.5
58	0.9658
59	0.8571
60	0.8496
61	0.9622
62	0.8046
63	0.8455
64	0.9662
65	0.9605
66	0.5641
67	0.7848
68	0.9522
69	0.9599
70	0.9491
71	0.8396
72	0.7606
73	0.9666
74	0.9593
75	0.941
76	0.8571
77	0.9565
78	0.9472
79	0.9517
80	0.9274
81	0.945
82	0.8951
83	0.9561
84	0.4688
85	0.8468
86	0.8
87	0.8
88	0.8172
89	0.9286
90	0.8046
91	0.8859
92	0.8607
93	0.9351
94	0.9657
95	0.5278
96	0.9558
97	0.9012
98	0.2273
99	0.9448
100	0.941
101	0.4138
102	0.9528
103	0.9541
104	0.9537
105	0.9382
106	0.9375
107	0.7606
108	0.9446
109	0.9631
110	0.9404
111	0.9412
112	0.9667
113	0.9661
114	0.7302
115	0.9538
116	0.8191
117	0.9231
118	0.9657
119	0.9595
120	0.9556
121	0.9491
122	0.9578
123	0.6383
124	0.8859
125	0.9583
126	0.9506
127	0.8951
128	0.4516
129	0.9611
130	0.9562
131	0.9639
132	0.9167
133	0.8963
134	0.8731
135	0.8468
136	0.9267
137	0.9061
138	0.9306
139	0.9657
140	0.9604
141	0.9351
142	0.945
143	0.9472
144	0.9341
145	0.9539
146	0.963
147	0.9509
148	0.9424
149	0.575
150	0.8
151	0.9558
152	0.9209
153	0.9448
154	0.904
155	0.9331
156	0.8963
157	0.6458
158	0.9501
159	0.9565
160	0.6383
161	0.9667
162	0.8396
163	0.9653
164	0.9529
165	0.9627
166	0.9549
167	0.9499
168	0.9645
169	0.9578
170	0.9393
171	0.9661
172	0.9541
173	0.9424
174	0.967
175	0.9437
176	0.9543
177	0.6731
178	0.9444
179	0.9652
180	0.9665
181	0.8247
182	0.9258
183	0.9583
184	0.9574
185	0.9544
186	0.9336
187	0.9146
188	0.9621
189	0.9612
190	0.8811
191	0.8924
192	0.9472
193	0.9662
194	0.9351
195	0.8509
196	0.8963
197	0.9424
198	0.9602
199	0.9339
200	0.6136
201	0.9669
202	0.9554
203	0.875
204	0.66
205	0.9154
206	0.9373
207	0.9549
208	0.9137
209	0.9081
210	0.9373
211	0.8882
212	0.8692
213	0.9267
214	0.9496
215	0.9202
216	0.9522
217	0.9056
218	0.8951
219	0.9532
220	0.809
221	0.897
222	0.4688
223	0.9331
224	0.7952
225	0.9652
226	0.8571
227	0.809
228	0.9668
229	0.9669
230	0.8777
231	0.1905
232	0.8571
233	0.9452
234	0.9669
235	0.4333
236	0.8547
237	0.7875
238	0.9175
239	0.9659
240	0.9623
241	0.9657
242	0.8317
243	0.8963
244	0.6047
245	0.945
246	0.9227
247	0.9611
248	0.9657
249	0.9518
250	0.9644
251	0.9584
252	0.8786
253	0.9634
254	0.922
255	0.9626
256	0.9368
257	0.9251
258	0.6667
259	0.9627
260	0.5
261	0.9393
262	0.9575
263	0.6852
264	0.8426
265	0.9086
266	0.9034
267	0.8559
268	0.8283
269	0.9485
270	0.4688
271	0.7792
272	0.8132
273	0.9555
274	0.9632
275	0.9595
276	0.8692
277	0.8396
278	0.9569
279	0.9597
280	0.8896
281	0.8819
282	0.9384
283	0.9406
284	0.9644
285	0.9638
286	0.9499
287	0.9651
288	0.864
289	0.7952
290	0.9491
291	0.922
292	0.9521
293	0.9585
294	0.9406
295	0.7424
296	0.575
297	0.956
298	0.9406
299	0.8874
300	0.2273
301	0.9601
302	0.9183
303	0.9091
304	0.9614
305	0.9366
306	0.9474
307	0.7763
308	0.9254
309	0.6731
310	0.9609
311	0.938
312	0.951
313	0.9312
314	0.9448
315	0.9431
316	0.9091
317	0.9623
318	0.9655
319	0.9644
320	0.9433
321	0.8411
322	0.8068
323	0.8152
324	0.9363
325	0.9615
326	0.9289
327	0.8559
328	0.9202
329	0.9393
330	0.8682
331	0.8283
332	0.9397
333	0.8731
334	0.9626
335	0.9634
336	0.6047
337	0.7671
338	0.9488
339	0.9521
340	0.6136
341	0.9081
342	0.9061
343	0.9061
344	0.964
345	0.9599
346	0.9601
347	0.9375
348	0.9554
349	0.9292
350	0.4516
351	0.9594
352	0.9507
353	0.15
354	0.9386
355	0.9649
356	0.951
357	0.9602
358	0.8731
359	0.958
360	0.6731
361	0.8682
362	0.9669
363	0.9598
364	0.9644
365	0.9295
366	0.32
367	0.2609
368	0.6047
35	283.0
36	353.0
37	444.0
38	277.0
39	447.0
40	131.0
41	60.0
42	80.0
43	104.0
44	292.0
45	495.0
46	493.0
47	5.0
48	350.0
49	169.0
50	164.0
51	264.0
52	32.0
53	458.0
54	215.0
55	47.0
56	105.0
57	17.0
58	480.0
59	102.0
60	96.0
61	433.0
62	70.0
63	93.0
64	486.0
65	413.0
66	22.0
67	62.0
68	339.0
69	407.0
70	317.0
71	89.0
72	54.0
73	492.0
74	401.0
75	271.0
76	102.0
77	374.0
78	305.0
79	335.0
80	217.0
81	292.0
82	145.0
83	370.0
84	15.0
85	94.0
86	68.0
87	68.0
88	76.0
89	221.0
90	70.0
91	132.0
92	105.0
93	245.0
94	478.0
95	19.0
96	368.0
97	155.0
98	5.0
99	291.0
100	271.0
101	12.0
102	343.0
103	353.0
104	350.0
105	258.0
106	255.0
107	54.0
108	290.0
109	444.0
110	268.0
111	272.0
112	494.0
113	484.0
114	46.0
115	351.0
116	77.0
117	204.0
118	478.0
119	403.0
120	366.0
121	317.0
122	386.0
123	30.0
124	132.0
125	391.0
126	327.0
127	145.0
128	14.0
129	420.0
130	371.0
131	454.0
132	187.0
133	147.0
134	117.0
135	94.0
136	215.0
137	164.0
138	228.0
139	479.0
140	412.0
141	245.0
142	292.0
143	305.0
144	241.0
145	352.0
146	443.0
147	329.0
148	278.0
149	23.0
150	68.0
151	368.0
152	198.0
153	291.0
154	160.0
155	237.0
156	147.0
157	31.0
158	324.0
159	374.0
160	30.0
161	493.0
162	89.0
163	473.0
164	344.0
165	439.0
166	360.0
167	322.0
168	462.0
169	386.0
170	263.0
171	484.0
172	353.0
173	278.0
174	498.0
175	285.0
176	355.0
177	35.0
178	289.0
179	471.0
180	490.0
181	80.0
182	212.0
183	391.0
184	382.0
185	356.0
186	239.0
187	182.0
188	431.0
189	421.0
190	126.0
191	141.0
192	305.0
193	486.0
194	245.0
195	97.0
196	147.0
197	278.0
198	410.0
199	240.0
200	27.0
201	497.0
202	364.0
203	119.0
204	33.0
205	184.0
206	254.0
207	360.0
208	180.0
209	168.0
210	254.0
211	135.0
212	113.0
213	215.0
214	320.0
215	196.0
216	339.0
217	163.0
218	145.0
219	346.0
220	72.0
221	148.0
222	15.0
223	237.0
224	66.0
225	472.0
226	102.0
227	72.0
228	495.0
229	497.0
230	122.0
231	4.0
232	102.0
233	293.0
234	496.0
235	13.0
236	100.0
237	63.0
238	189.0
239	482.0
240	434.0
241	479.0
242	84.0
243	147.0
244	26.0
245	292.0
246	203.0
247	420.0
248	478.0
249	336.0
250	460.0
251	392.0
252	123.0
253	448.0
254	201.0
255	438.0
256	252.0
257	210.0
258	34.0
259	439.0
260	17.0
261	263.0
262	383.0
263	37.0
264	91.0
265	169.0
266	159.0
267	101.0
268	82.0
269	313.0
270	15.0
271	60.0
272	74.0
273	365.0
274	445.0
275	403.0
276	113.0
277	89.0
278	377.0
279	405.0
280	137.0
281	127.0
282	259.0
283	269.0
284	461.0
285	453.0
286	322.0
287	470.0
288	108.0
289	66.0
290	317.0
291	201.0
292	338.0
293	393.0
294	269.0
295	49.0
296	23.0
297	369.0
298	269.0
299	134.0
300	5.0
301	409.0
302	191.0
303	170.0
304	423.0
305	251.0
306	306.0
307	59.0
308	211.0
309	35.0
310	418.0
311	257.0
312	330.0
313	230.0
314	291.0
315	282.0
316	170.0
317	434.0
318	476.0
319	460.0
320	283.0
321	90.0
322	71.0
323	75.0
324	250.0
325	424.0
326	222.0
327	101.0
328	196.0
329	263.0
330	112.0
331	82.0
332	265.0
333	117.0
334	438.0
335	447.0
336	26.0
337	56.0
338	315.0
339	338.0
340	27.0
341	168.0
342	164.0
343	164.0
344	455.0
345	407.0
346	409.0
347	255.0
348	364.0
349	223.0
350	14.0
351	402.0
352	328.0
353	3.0
354	260.0
355	467.0
356	330.0
357	410.0
358	117.0
359	388.0
360	35.0
361	112.0
362	497.0
363	406.0
364	460.0
365	224.0
366	8.0
367	6.0
368	26.0
35	15.13
36	12.2
37	11.06
38	11.62
39	12.14
40	11.98
41	10.97
42	12.68
43	13.81
44	14.23
45	12.36
46	11.44
47	13.98
48	11.37
49	12.49
50	15.09
51	12.62
52	12.4
53	11.48
54	11.75
55	15.94
56	12.27
57	13.87
58	11.87
59	11.05
60	12.5
61	12.54
62	12.18
63	13.08
64	12.39
65	14.16
66	13.9
67	11.4
68	11.29
69	12.0
70	12.4
71	12.13
72	11.23
73	12.52
74	13.91
75	14.27
76	11.49
77	17.91
78	13.82
79	13.02
80	14.15
81	14.36
82	11.71
83	12.08
84	11.41
85	12.58
86	13.97
87	12.56
88	12.6
89	13.68
90	12.15
91	15.24
92	11.49
93	11.45
94	11.12
95	11.73
96	12.92
97	13.23
98	11.91
99	16.55
100	11.74
101	11.84
102	11.71
103	12.26
104	15.61
105	12.64
106	11.04
107	11.17
108	14.1
109	12.06
110	11.23
111	13.29
112	12.03
113	14.84
114	14.3
115	11.1
116	12.6
117	12.99
118	19.82
119	12.92
120	13.38
121	12.03
122	12.6
123	14.04
124	12.81
125	11.19
126	12.61
127	12.69
128	12.72
129	13.82
130	12.6
131	14.01
132	11.06
133	11.16
134	13.58
135	11.96
136	11.47
137	20.6
138	13.61
139	11.03
140	16.83
141	19.05
142	17.09
143	12.68
144	16.03
145	11.03
146	11.43
147	11.6
148	14.78
149	11.62
150	11.61
151	12.05
152	20.89
153	14.34
154	11.21
155	11.85
156	11.29
157	12.33
158	13.63
159	11.18
160	16.26
161	12.77
162	13.8
163	18.51
164	14.12
165	12.1
166	12.32
167	12.21
168	14.01
169	13.88
170	14.24
171	13.58
172	11.15
173	12.35
174	11.75
175	12.26
176	14.07
177	11.71
178	12.98
179	13.41
180	12.44
181	18.01
182	11.47
183	12.56
184	11.81
185	16.25
186	12.07
187	12.78
188	19.56
189	11.04
190	11.72
191	14.6
192	11.9
193	13.75
194	14.45
195	11.02
196	12.39
197	13.64
198	12.49
199	11.94
200	13.7
201	14.14
202	11.23
203	12.09
204	11.43
205	12.85
206	11.13
207	12.59
208	14.44
209	11.09
210	11.33
211	14.08
212	11.37
213	11.01
214	11.16
215	11.57
216	11.97
217	13.14
218	12.4
219	11.11
220	11.17
221	11.17
222	12.28
223	11.09
224	12.77
225	11.93
226	11.36
227	11.05
228	11.64
229	11.18
230	11.24
231	11.37
232	12.37
233	11.04
234	15.78
235	11.17
236	12.53
237	11.14
238	11.19
239	14.31
240	14.72
241	11.85
242	13.51
243	13.82
244	11.0
245	14.41
246	14.99
247	12.08
248	16.21
249	11.85
250	11.06
251	17.29
252	13.07
253	16.92
254	11.02
255	12.66
256	16.66
257	11.76
258	11.99
259	15.56
260	20.24
261	11.72
262	11.09
263	11.07
264	15.95
265	14.79
266	11.49
267	16.27
268	11.49
269	11.87
270	11.45
271	15.05
272	13.61
273	11.34
274	12.76
275	11.98
276	14.05
277	15.14
278	13.09
279	13.21
280	19.24
281	20.84
282	10.97
283	11.57
284	17.79
285	14.56
286	13.08
287	19.28
288	11.59
289	13.03
290	12.77
291	11.63
292	16.02
293	11.92
294	12.82
295	11.89
296	11.24
297	17.46
298	13.25
299	11.41
300	12.89
301	11.55
302	11.19
303	16.2
304	15.9
305	13.35
306	12.49
307	12.06
308	18.94
309	13.71
310	12.38
311	12.89
312	11.76
313	11.77
314	12.18
315	20.64
316	12.12
317	11.62
318	12.9
319	12.19
320	11.41
321	15.04
322	13.89
323	13.13
324	11.31
325	15.99
326	12.54
327	11.38
328	15.26
329	11.59
330	11.45
331	14.61
332	11.01
333	14.66
334	12.46
335	11.46
336	11.17
337	12.81
338	12.04
339	14.1
340	11.15
341	11.07
342	16.29
343	15.12
344	11.47
345	17.65
346	16.43
347	18.19
348	10.99
349	12.21
350	11.85
351	12.47
352	13.78
353	11.68
354	12.22
355	12.84
356	12.25
357	12.79
358	12.57
359	14.44
360	11.6
361	13.84
362	11.0
363	12.63
364	14.86
365	12.14
366	15.63
367	12.83
368	12.07
