35	0.7403
36	0.8903
37	0.8548
38	0.7355
39	0.4306
40	0.2468
41	0.1839
42	0.2032
43	0.321
44	0.8403
45	0.35
46	0.2661
47	0.4274
48	0.2855
49	0.6952
50	0.8419
51	0.3774
52	0.2532
53	0.4306
54	0.7613
55	0.9145
56	0.7984
57	0.1871
58	0.7661
59	0.4839
60	0.3903
61	0.6968
62	0.3758
63	0.4887
64	0.8855
65	0.5274
66	0.6984
67	0.4226
68	0.6919
69	0.6984
70	0.3097
71	0.3048
72	0.6161
73	0.471
74	0.2968
75	0.6839
76	0.9452
77	0.8242
78	0.3258
79	0.5935
80	0.3742
81	0.4226
82	0.6855
83	0.171
84	0.9242
85	0.5903
86	0.429
87	0.5919
88	0.2774
89	0.4984
90	0.4968
91	0.3339
92	0.2661
93	0.1984
94	0.3387
95	0.2387
96	0.2532
97	0.1742
98	0.4
99	0.6694
100	0.3645
101	0.2919
102	0.5339
103	0.4629
104	0.3919
105	0.9323
106	0.6355
107	0.4403
108	0.6194
109	0.1919
110	0.6516
111	0.8968
112	0.2435
113	0.7855
114	0.8242
115	0.6161
116	0.2323
117	0.6887
118	0.9339
119	0.4129
120	0.2871
121	0.4274
122	0.2919
123	0.3145
124	0.2774
125	0.5758
126	0.1806
127	0.6516
128	0.1694
129	0.4694
130	0.2839
131	0.2597
132	0.5661
133	0.6097
134	0.8306
135	0.6806
136	0.1806
137	0.1823
138	0.2065
139	0.45
140	0.6726
141	0.95
142	0.4468
143	0.9097
144	0.25
145	0.7742
146	0.2903
147	0.1742
148	0.5242
149	0.6935
150	0.65
151	0.4565
152	0.4952
153	0.8435
154	0.55
155	0.1952
156	0.8419
157	0.5855
158	0.9
159	0.7968
160	0.2
161	0.7565
162	0.4097
163	0.7935
164	0.4452
165	0.4581
166	0.8694
167	0.829
168	0.4935
169	0.7306
170	0.8677
171	0.7774
172	0.6806
173	0.6435
174	0.5758
175	0.279
176	0.3323
177	0.8855
178	0.8903
179	0.8661
180	0.5323
181	0.3145
182	0.1855
183	0.9452
184	0.479
185	0.9661
186	0.7355
187	0.9468
188	0.6306
189	0.321
190	0.829
191	0.4306
192	0.3081
193	0.5597
194	0.3903
195	0.9
196	0.3581
197	0.8919
198	0.1806
199	0.179
200	0.8855
201	0.4097
202	0.6161
203	0.3629
204	0.1758
205	0.9726
206	0.4968
207	0.5903
208	0.4323
209	0.4935
210	0.2758
211	0.9242
212	0.8919
213	0.3403
214	0.5484
215	0.3855
216	0.5774
217	0.8629
218	0.3581
219	0.3097
220	0.1903
221	0.8419
222	0.3097
223	0.5694
224	0.8081
225	0.3839
226	0.4806
227	0.7452
228	0.4758
229	0.4532
230	0.9726
231	0.6339
232	0.7726
233	0.8984
234	0.8403
235	0.5742
236	0.4903
237	0.8597
238	0.929
239	0.2274
240	0.7919
241	0.3339
242	0.2661
243	0.3161
244	0.4758
245	0.6806
246	0.4597
247	0.45
248	0.7952
249	0.6161
250	0.5016
251	0.4823
252	0.6452
253	0.8355
254	0.8177
255	0.9403
256	0.1887
257	0.2016
258	0.8161
259	0.5774
260	0.25
261	0.5823
262	0.4548
263	0.6726
264	0.4468
265	0.1806
266	0.1984
267	0.25
268	0.5694
269	0.5984
270	0.9258
271	0.7758
272	0.8403
273	0.2177
274	0.3871
275	0.5968
276	0.7548
277	0.3048
278	0.5016
279	0.2435
280	0.579
281	0.2548
282	0.2887
283	0.4952
284	0.671
285	0.4081
286	0.6532
287	0.1694
288	0.4194
289	0.6097
290	0.6742
291	0.9613
292	0.3613
293	0.9242
294	0.3484
295	0.6629
296	0.7516
297	0.4516
298	0.2339
299	0.529
300	0.4113
301	0.7226
302	0.179
303	0.3371
304	0.9371
305	0.5306
306	0.2629
307	0.9097
308	0.3258
309	0.7629
310	0.2468
311	0.5355
312	0.6581
313	0.229
314	0.3613
315	0.1855
316	0.7806
317	0.7016
318	0.9145
319	0.2548
320	0.7048
321	0.3613
322	0.4419
323	0.5677
324	0.2984
325	0.3952
326	0.8613
327	0.6129
328	0.971
329	0.8194
330	0.3758
331	0.9226
332	0.2758
333	0.7613
334	0.6677
335	0.8677
336	0.2161
337	0.621
338	0.1726
339	0.2097
340	0.6871
341	0.271
342	0.4339
343	0.7629
344	0.4613
345	0.3
346	0.2532
347	0.9226
348	0.5145
349	0.8129
350	0.4903
351	0.1871
352	0.5548
353	0.7952
354	0.2403
355	0.6548
356	0.65
357	0.1742
358	0.2065
359	0.8532
360	0.2306
361	0.5597
362	0.2129
363	0.2984
364	0.4032
365	0.2339
366	0.5306
367	0.8984
368	0.7823
35	144.0
36	51.0
37	73.0
38	147.0
39	336.0
40	450.0
41	489.0
42	477.0
43	404.0
44	82.0
45	386.0
46	438.0
47	338.0
48	426.0
49	172.0
50	81.0
51	369.0
52	446.0
53	336.0
54	131.0
55	36.0
56	108.0
57	487.0
58	128.0
59	303.0
60	361.0
61	171.0
62	370.0
63	300.0
64	54.0
65	276.0
66	170.0
67	341.0
68	174.0
69	170.0
70	411.0
71	414.0
72	221.0
73	311.0
74	419.0
75	179.0
76	17.0
77	92.0
78	401.0
79	235.0
80	371.0
81	341.0
82	178.0
83	497.0
84	30.0
85	237.0
86	337.0
87	236.0
88	431.0
89	294.0
90	295.0
91	396.0
92	438.0
93	480.0
94	393.0
95	455.0
96	446.0
97	495.0
98	355.0
99	188.0
100	377.0
101	422.0
102	272.0
103	316.0
104	360.0
105	25.0
106	209.0
107	330.0
108	219.0
109	484.0
110	199.0
111	47.0
112	452.0
113	116.0
114	92.0
115	221.0
116	459.0
117	176.0
118	24.0
119	347.0
120	425.0
121	338.0
122	422.0
123	408.0
124	431.0
125	246.0
126	491.0
127	199.0
128	498.0
129	312.0
130	427.0
131	442.0
132	252.0
133	225.0
134	88.0
135	181.0
136	491.0
137	490.0
138	475.0
139	324.0
140	186.0
141	14.0
142	326.0
143	39.0
144	448.0
145	123.0
146	423.0
147	495.0
148	278.0
149	173.0
150	200.0
151	320.0
152	296.0
153	80.0
154	262.0
155	482.0
156	81.0
157	240.0
158	45.0
159	109.0
160	479.0
161	134.0
162	349.0
163	111.0
164	327.0
165	319.0
166	64.0
167	89.0
168	297.0
169	150.0
170	65.0
171	121.0
172	181.0
173	204.0
174	246.0
175	430.0
176	397.0
177	54.0
178	51.0
179	66.0
180	273.0
181	408.0
182	488.0
183	17.0
184	306.0
185	4.0
186	147.0
187	16.0
188	212.0
189	404.0
190	89.0
191	336.0
192	412.0
193	256.0
194	361.0
195	45.0
196	381.0
197	50.0
198	491.0
199	492.0
200	54.0
201	349.0
202	221.0
203	378.0
204	494.0
205	0.0
206	295.0
207	237.0
208	335.0
209	297.0
210	432.0
211	30.0
212	50.0
213	392.0
214	263.0
215	364.0
216	245.0
217	68.0
218	381.0
219	411.0
220	485.0
221	81.0
222	411.0
223	250.0
224	102.0
225	365.0
226	305.0
227	141.0
228	308.0
229	322.0
230	0.0
231	210.0
232	124.0
233	46.0
234	82.0
235	247.0
236	299.0
237	70.0
238	27.0
239	462.0
240	112.0
241	396.0
242	438.0
243	407.0
244	308.0
245	181.0
246	318.0
247	324.0
248	110.0
249	221.0
250	292.0
251	304.0
252	203.0
253	85.0
254	96.0
255	20.0
256	486.0
257	478.0
258	97.0
259	245.0
260	448.0
261	242.0
262	321.0
263	186.0
264	326.0
265	491.0
266	480.0
267	448.0
268	250.0
269	232.0
270	29.0
271	122.0
272	82.0
273	468.0
274	363.0
275	233.0
276	135.0
277	414.0
278	292.0
279	452.0
280	244.0
281	445.0
282	424.0
283	296.0
284	187.0
285	350.0
286	198.0
287	498.0
288	343.0
289	225.0
290	185.0
291	7.0
292	379.0
293	30.0
294	387.0
295	192.0
296	137.0
297	323.0
298	458.0
299	275.0
300	348.0
301	155.0
302	492.0
303	394.0
304	22.0
305	274.0
306	440.0
307	39.0
308	401.0
309	130.0
310	450.0
311	271.0
312	195.0
313	461.0
314	379.0
315	488.0
316	119.0
317	168.0
318	36.0
319	445.0
320	166.0
321	379.0
322	329.0
323	251.0
324	418.0
325	358.0
326	69.0
327	223.0
328	1.0
329	95.0
330	370.0
331	31.0
332	432.0
333	131.0
334	189.0
335	65.0
336	469.0
337	218.0
338	496.0
339	473.0
340	177.0
341	435.0
342	334.0
343	130.0
344	317.0
345	417.0
346	446.0
347	31.0
348	284.0
349	99.0
350	299.0
351	487.0
352	259.0
353	110.0
354	454.0
355	197.0
356	200.0
357	495.0
358	475.0
359	74.0
360	460.0
361	256.0
362	471.0
363	418.0
364	353.0
365	458.0
366	274.0
367	46.0
368	118.0
35	0.4217
36	0.6731
37	0.5899
38	0.4167
39	0.2381
40	0.1892
41	0.1768
42	0.1804
43	0.2063
44	0.5615
45	0.2138
46	0.1934
47	0.237
48	0.1977
49	0.3791
50	0.5645
51	0.2215
52	0.1906
53	0.2381
54	0.4449
55	0.7447
56	0.493
57	0.1774
58	0.4506
59	0.2574
60	0.2253
61	0.3804
62	0.2211
63	0.2593
64	0.6604
65	0.2756
66	0.3818
67	0.2354
68	0.3763
69	0.3818
70	0.2035
71	0.2023
72	0.3221
73	0.2524
74	0.2004
75	0.3697
76	0.8607
77	0.533
78	0.2075
79	0.3088
80	0.2206
81	0.2354
82	0.371
83	0.1744
84	0.7778
85	0.307
86	0.2376
87	0.3079
88	0.1959
89	0.2632
90	0.2625
91	0.2096
92	0.1934
93	0.1795
94	0.2108
95	0.1875
96	0.1906
97	0.175
98	0.2283
99	0.3584
100	0.2178
101	0.1992
102	0.2785
103	0.2494
104	0.2258
105	0.8077
106	0.3344
107	0.2414
108	0.3241
109	0.1783
110	0.3454
111	0.6908
112	0.1885
113	0.4751
114	0.533
115	0.3221
116	0.1862
117	0.3737
118	0.814
119	0.2323
120	0.1981
121	0.237
122	0.1992
123	0.2047
124	0.1959
125	0.2991
126	0.1762
127	0.3454
128	0.1741
129	0.2518
130	0.1974
131	0.192
132	0.2941
133	0.3182
134	0.544
135	0.3671
136	0.1762
137	0.1765
138	0.181
139	0.2448
140	0.3608
141	0.8824
142	0.2436
143	0.7292
144	0.1899
145	0.4605
146	0.1989
147	0.175
148	0.2742
149	0.3777
150	0.3443
151	0.2471
152	0.2618
153	0.5676
154	0.2861
155	0.1789
156	0.5645
157	0.3043
158	0.7
159	0.4907
160	0.1798
161	0.4393
162	0.2313
163	0.4861
164	0.2431
165	0.2476
166	0.6213
167	0.5412
168	0.2612
169	0.4118
170	0.6176
171	0.4646
172	0.3671
173	0.3398
174	0.2991
175	0.1963
176	0.2092
177	0.6604
178	0.6731
179	0.614
180	0.2778
181	0.2047
182	0.1771
183	0.8607
184	0.2555
185	0.9633
186	0.4167
187	0.8678
188	0.3312
189	0.2063
190	0.5412
191	0.2381
192	0.2031
193	0.2909
194	0.2253
195	0.7
196	0.216
197	0.6774
198	0.1762
199	0.1759
200	0.6604
201	0.2313
202	0.3221
203	0.2174
204	0.1753
205	1.0
206	0.2625
207	0.307
208	0.2386
209	0.2612
210	0.1955
211	0.7778
212	0.6774
213	0.2113
214	0.2853
215	0.2239
216	0.3
217	0.6069
218	0.216
219	0.2035
220	0.178
221	0.5645
222	0.2035
223	0.2958
224	0.5072
225	0.2234
226	0.2561
227	0.4268
228	0.2542
229	0.2459
230	1.0
231	0.3333
232	0.4585
233	0.6954
234	0.5615
235	0.2983
236	0.2599
237	0.6
238	0.7955
239	0.1852
240	0.4839
241	0.2096
242	0.1934
243	0.2051
244	0.2542
245	0.3671
246	0.2482
247	0.2448
248	0.4884
249	0.3221
250	0.2645
251	0.2567
252	0.3409
253	0.5526
254	0.5224
255	0.84
256	0.1777
257	0.1801
258	0.5198
259	0.3
260	0.1899
261	0.3026
262	0.2465
263	0.3608
264	0.2436
265	0.1762
266	0.1795
267	0.1899
268	0.2958
269	0.3116
270	0.7836
271	0.4626
272	0.5615
273	0.1832
274	0.2244
275	0.3107
276	0.4375
277	0.2023
278	0.2645
279	0.1885
280	0.3009
281	0.1909
282	0.1985
283	0.2618
284	0.3596
285	0.2308
286	0.3465
287	0.1741
288	0.2344
289	0.3182
290	0.3621
291	0.9375
292	0.2169
293	0.7778
294	0.2134
295	0.3535
296	0.4339
297	0.2453
298	0.1865
299	0.2763
300	0.2318
301	0.4038
302	0.1759
303	0.2104
304	0.8268
305	0.277
306	0.1927
307	0.7292
308	0.2075
309	0.4468
310	0.1892
311	0.2793
312	0.35
313	0.1855
314	0.2169
315	0.1771
316	0.4688
317	0.3846
318	0.7447
319	0.1909
320	0.3875
321	0.2169
322	0.2419
323	0.2949
324	0.2008
325	0.2268
326	0.6034
327	0.3201
328	0.9906
329	0.525
330	0.2211
331	0.7721
332	0.1955
333	0.4449
334	0.3571
335	0.6176
336	0.1829
337	0.3251
338	0.1747
339	0.1817
340	0.3723
341	0.1944
342	0.2392
343	0.4468
344	0.2488
345	0.2011
346	0.1906
347	0.7721
348	0.2699
349	0.5147
350	0.2599
351	0.1774
352	0.2885
353	0.4884
354	0.1878
355	0.3477
356	0.3443
357	0.175
358	0.181
359	0.5866
360	0.1858
361	0.2909
362	0.1823
363	0.2008
364	0.2293
365	0.1865
366	0.277
367	0.6954
368	0.4709
35	0.9542
36	0.9634
37	0.9615
38	0.9538
39	0.905
40	0.7385
41	0.3462
42	0.5526
43	0.8468
44	0.9607
45	0.8682
46	0.7792
47	0.904
48	0.809
49	0.9504
50	0.9608
51	0.8836
52	0.7536
53	0.905
54	0.9557
55	0.9645
56	0.9582
57	0.3929
58	0.9561
59	0.9198
60	0.8896
61	0.9506
62	0.8828
63	0.9209
64	0.9631
65	0.9289
66	0.9507
67	0.9023
68	0.9501
69	0.9507
70	0.8365
71	0.8317
72	0.9422
73	0.9167
74	0.8229
75	0.9494
76	0.9659
77	0.9598
78	0.8509
79	0.9393
80	0.8819
81	0.9023
82	0.9496
83	0.05556
84	0.9649
85	0.9388
86	0.9045
87	0.9391
88	0.7976
89	0.9231
90	0.9227
91	0.8571
92	0.7792
93	0.5143
94	0.8607
95	0.7167
96	0.7536
97	0.15
98	0.8938
99	0.948
100	0.8768
101	0.8172
102	0.93
103	0.9146
104	0.8903
105	0.9653
106	0.9444
107	0.9081
108	0.9426
109	0.4516
110	0.9462
111	0.9637
112	0.7302
113	0.9574
114	0.9598
115	0.9422
116	0.6964
117	0.9499
118	0.9654
119	0.8988
120	0.8111
121	0.904
122	0.8172
123	0.8411
124	0.7976
125	0.9368
126	0.2917
127	0.9462
128	0.0
129	0.9163
130	0.8068
131	0.7671
132	0.9354
133	0.9414
134	0.9602
135	0.9491
136	0.2917
137	0.32
138	0.575
139	0.911
140	0.9483
141	0.9661
142	0.9101
143	0.9643
144	0.7463
145	0.9566
146	0.8152
147	0.15
148	0.9283
149	0.9503
150	0.946
151	0.9128
152	0.9224
153	0.9609
154	0.9328
155	0.4848
156	0.9608
157	0.9382
158	0.9638
159	0.9581
160	0.5278
161	0.9554
162	0.8976
163	0.9579
164	0.9096
165	0.9133
166	0.9623
167	0.9601
168	0.922
169	0.9534
170	0.9622
171	0.9569
172	0.9491
173	0.9453
174	0.9368
175	0.8
176	0.8559
177	0.9631
178	0.9634
179	0.9621
180	0.9298
181	0.8411
182	0.3704
183	0.9659
184	0.9187
185	0.9667
186	0.9538
187	0.9659
188	0.9439
189	0.8468
190	0.9601
191	0.905
192	0.835
193	0.9344
194	0.8896
195	0.9638
196	0.8731
197	0.9634
198	0.2917
199	0.2609
200	0.9631
201	0.8976
202	0.9422
203	0.8759
204	0.1905
205	0.967
206	0.9227
207	0.9388
208	0.9056
209	0.922
210	0.7952
211	0.9649
212	0.9634
213	0.8618
214	0.9325
215	0.8874
216	0.937
217	0.962
218	0.8731
219	0.8365
220	0.4333
221	0.9608
222	0.8365
223	0.9358
224	0.9588
225	0.8867
226	0.919
227	0.9545
228	0.9179
229	0.9119
230	0.967
231	0.9443
232	0.9565
233	0.9638
234	0.9607
235	0.9366
236	0.9213
237	0.9618
238	0.9652
239	0.6792
240	0.9578
241	0.8571
242	0.7792
243	0.8426
244	0.9179
245	0.9491
246	0.9137
247	0.911
248	0.958
249	0.9422
250	0.9238
251	0.9194
252	0.9455
253	0.9605
254	0.9594
255	0.9657
256	0.4138
257	0.5405
258	0.9593
259	0.937
260	0.7463
261	0.9377
262	0.9124
263	0.9483
264	0.9101
265	0.2917
266	0.5143
267	0.7463
268	0.9358
269	0.9399
270	0.965
271	0.9567
272	0.9607
273	0.6383
274	0.8882
275	0.9397
276	0.9553
277	0.8317
278	0.9238
279	0.7302
280	0.9373
281	0.7571
282	0.8132
283	0.9224
284	0.9482
285	0.897
286	0.9464
287	0.0
288	0.9012
289	0.9414
290	0.9485
291	0.9665
292	0.875
293	0.9649
294	0.8672
295	0.9474
296	0.955
297	0.9115
298	0.7018
299	0.9292
300	0.8982
301	0.9528
302	0.2609
303	0.8595
304	0.9655
305	0.9295
306	0.7733
307	0.9643
308	0.8509
309	0.9558
310	0.7385
311	0.9303
312	0.9469
313	0.6852
314	0.875
315	0.3704
316	0.9571
317	0.951
318	0.9645
319	0.7571
320	0.9513
321	0.875
322	0.9086
323	0.9356
324	0.8247
325	0.8917
326	0.9619
327	0.9418
328	0.9669
329	0.9595
330	0.8828
331	0.9649
332	0.7952
333	0.9557
334	0.9479
335	0.9622
336	0.6304
337	0.9428
338	0.1053
339	0.5952
340	0.9497
341	0.7875
342	0.9061
343	0.9558
344	0.9141
345	0.8265
346	0.7536
347	0.9649
348	0.9264
349	0.9591
350	0.9213
351	0.3929
352	0.9336
353	0.958
354	0.7213
355	0.9465
356	0.946
357	0.15
358	0.575
359	0.9615
360	0.6909
361	0.9344
362	0.6136
363	0.8247
364	0.8951
365	0.7018
366	0.9295
367	0.9638
368	0.9572
35	354.0
36	447.0
37	425.0
38	351.0
39	162.0
40	48.0
41	9.0
42	21.0
43	94.0
44	416.0
45	112.0
46	60.0
47	160.0
48	72.0
49	326.0
50	417.0
51	129.0
52	52.0
53	162.0
54	367.0
55	462.0
56	390.0
57	11.0
58	370.0
59	195.0
60	137.0
61	327.0
62	128.0
63	198.0
64	444.0
65	222.0
66	328.0
67	157.0
68	324.0
69	328.0
70	87.0
71	84.0
72	277.0
73	187.0
74	79.0
75	319.0
76	481.0
77	406.0
78	97.0
79	263.0
80	127.0
81	157.0
82	320.0
83	1.0
84	468.0
85	261.0
86	161.0
87	262.0
88	67.0
89	204.0
90	203.0
91	102.0
92	60.0
93	18.0
94	105.0
95	43.0
96	52.0
97	3.0
98	143.0
99	310.0
100	121.0
101	76.0
102	226.0
103	182.0
104	138.0
105	473.0
106	289.0
107	168.0
108	279.0
109	14.0
110	299.0
111	451.0
112	46.0
113	382.0
114	406.0
115	277.0
116	39.0
117	322.0
118	474.0
119	151.0
120	73.0
121	160.0
122	76.0
123	90.0
124	67.0
125	252.0
126	7.0
127	299.0
128	0.0
129	186.0
130	71.0
131	56.0
132	246.0
133	273.0
134	410.0
135	317.0
136	7.0
137	8.0
138	23.0
139	174.0
140	312.0
141	484.0
142	172.0
143	459.0
144	50.0
145	375.0
146	75.0
147	3.0
148	220.0
149	325.0
150	298.0
151	178.0
152	202.0
153	418.0
154	236.0
155	16.0
156	417.0
157	258.0
158	453.0
159	389.0
160	19.0
161	364.0
162	149.0
163	387.0
164	171.0
165	179.0
166	434.0
167	409.0
168	201.0
169	348.0
170	433.0
171	377.0
172	317.0
173	294.0
174	252.0
175	68.0
176	101.0
177	444.0
178	447.0
179	432.0
180	225.0
181	90.0
182	10.0
183	481.0
184	192.0
185	494.0
186	351.0
187	482.0
188	286.0
189	94.0
190	409.0
191	162.0
192	86.0
193	242.0
194	137.0
195	453.0
196	117.0
197	448.0
198	7.0
199	6.0
200	444.0
201	149.0
202	277.0
203	120.0
204	4.0
205	498.0
206	203.0
207	261.0
208	163.0
209	201.0
210	66.0
211	468.0
212	448.0
213	106.0
214	235.0
215	134.0
216	253.0
217	430.0
218	117.0
219	87.0
220	13.0
221	417.0
222	87.0
223	248.0
224	396.0
225	133.0
226	193.0
227	357.0
228	190.0
229	176.0
230	498.0
231	288.0
232	374.0
233	452.0
234	416.0
235	251.0
236	199.0
237	428.0
238	471.0
239	36.0
240	386.0
241	102.0
242	60.0
243	91.0
244	190.0
245	317.0
246	180.0
247	174.0
248	388.0
249	277.0
250	206.0
251	194.0
252	295.0
253	413.0
254	402.0
255	478.0
256	12.0
257	20.0
258	401.0
259	253.0
260	50.0
261	256.0
262	177.0
263	312.0
264	172.0
265	7.0
266	18.0
267	50.0
268	248.0
269	266.0
270	469.0
271	376.0
272	416.0
273	30.0
274	135.0
275	265.0
276	363.0
277	84.0
278	206.0
279	46.0
280	254.0
281	53.0
282	74.0
283	202.0
284	311.0
285	148.0
286	300.0
287	0.0
288	155.0
289	273.0
290	313.0
291	491.0
292	119.0
293	468.0
294	111.0
295	306.0
296	361.0
297	175.0
298	40.0
299	223.0
300	150.0
301	343.0
302	6.0
303	104.0
304	476.0
305	224.0
306	58.0
307	459.0
308	97.0
309	368.0
310	48.0
311	227.0
312	303.0
313	37.0
314	119.0
315	10.0
316	379.0
317	330.0
318	462.0
319	53.0
320	332.0
321	119.0
322	169.0
323	247.0
324	80.0
325	140.0
326	429.0
327	275.0
328	497.0
329	403.0
330	128.0
331	467.0
332	66.0
333	367.0
334	309.0
335	433.0
336	29.0
337	280.0
338	2.0
339	25.0
340	321.0
341	63.0
342	164.0
343	368.0
344	181.0
345	81.0
346	52.0
347	467.0
348	214.0
349	399.0
350	199.0
351	11.0
352	239.0
353	388.0
354	44.0
355	301.0
356	298.0
357	3.0
358	23.0
359	424.0
360	38.0
361	242.0
362	27.0
363	80.0
364	145.0
365	40.0
366	224.0
367	452.0
368	380.0
35	12.44
36	11.4
37	11.48
38	11.28
39	13.15
40	15.62
41	10.98
42	12.79
43	14.66
44	11.31
45	11.86
46	13.08
47	13.43
48	12.46
49	11.07
50	15.33
51	16.59
52	13.7
53	11.39
54	12.24
55	12.49
56	11.68
57	15.76
58	11.27
59	13.74
60	11.65
61	12.57
62	13.55
63	12.08
64	12.7
65	13.58
66	11.25
67	12.02
68	17.74
69	12.52
70	14.79
71	11.26
72	11.11
73	11.9
74	13.1
75	13.06
76	16.59
77	19.06
78	11.05
79	11.49
80	11.72
81	21.75
82	13.73
83	11.55
84	12.02
85	12.28
86	10.98
87	11.01
88	14.1
89	12.08
90	12.03
91	11.9
92	16.61
93	14.41
94	11.91
95	11.34
96	16.59
97	12.01
98	12.44
99	11.29
100	11.89
101	12.35
102	13.32
103	20.78
104	13.2
105	12.02
106	12.11
107	13.09
108	21.13
109	11.66
110	14.44
111	14.9
112	11.7
113	12.18
114	10.96
115	12.96
116	11.44
117	13.91
118	18.6
119	12.11
120	14.77
121	11.87
122	13.34
123	11.05
124	11.07
125	13.78
126	13.78
127	14.36
128	12.42
129	11.5
130	14.45
131	14.89
132	13.32
133	14.04
134	12.98
135	11.78
136	11.13
137	13.26
138	13.16
139	16.59
140	12.58
141	12.22
142	20.12
143	11.51
144	11.23
145	11.37
146	11.03
147	12.7
148	14.3
149	12.86
150	15.6
151	11.83
152	13.22
153	11.12
154	12.73
155	11.59
156	11.07
157	18.1
158	11.57
159	13.91
160	13.19
161	11.23
162	12.49
163	15.27
164	11.69
165	11.1
166	12.21
167	11.5
168	12.52
169	14.29
170	11.41
171	16.19
172	11.47
173	13.19
174	11.89
175	13.74
176	15.1
177	12.3
178	11.71
179	11.11
180	11.05
181	23.9
182	11.53
183	11.13
184	15.17
185	12.85
186	12.11
187	12.83
188	11.73
189	12.5
190	12.85
191	11.09
192	11.79
193	17.85
194	14.14
195	11.72
196	11.1
197	11.41
198	11.99
199	15.38
200	11.51
201	21.32
202	11.98
203	11.33
204	11.37
205	11.42
206	11.92
207	12.41
208	11.31
209	12.02
210	16.23
211	16.71
212	11.84
213	12.8
214	11.47
215	11.83
216	12.04
217	11.24
218	13.85
219	11.33
220	18.05
221	11.22
222	16.17
223	12.06
224	13.44
225	13.87
226	11.15
227	13.61
228	14.7
229	11.88
230	12.66
231	15.4
232	10.96
233	11.39
234	17.39
235	14.71
236	12.23
237	12.65
238	11.91
239	13.78
240	13.63
241	11.13
242	16.12
243	15.18
244	11.97
245	12.95
246	13.45
247	12.35
248	11.28
249	11.94
250	11.23
251	12.43
252	14.16
253	11.63
254	12.19
255	11.48
256	11.78
257	12.15
258	11.65
259	16.21
260	15.1
261	12.84
262	12.43
263	11.94
264	13.57
265	12.03
266	14.15
267	11.21
268	20.3
269	15.03
270	11.16
271	12.35
272	15.46
273	12.46
274	12.39
275	19.43
276	16.15
277	11.47
278	12.88
279	10.98
280	11.99
281	13.4
282	11.34
283	11.3
284	11.53
285	18.16
286	11.51
287	10.98
288	12.14
289	15.18
290	11.36
291	11.77
292	11.77
293	12.71
294	11.48
295	12.26
296	13.67
297	11.06
298	12.21
299	12.6
300	12.39
301	11.55
302	11.75
303	13.57
304	11.62
305	15.68
306	11.34
307	12.39
308	11.51
309	13.21
310	11.7
311	11.15
312	11.3
313	12.22
314	11.59
315	11.42
316	11.24
317	12.8
318	11.48
319	11.58
320	16.07
321	11.37
322	12.34
323	11.52
324	13.72
325	11.73
326	11.87
327	11.25
328	12.29
329	11.17
330	12.49
331	19.28
332	14.66
333	14.34
334	12.64
335	11.26
336	12.27
337	11.59
338	12.37
339	15.59
340	14.58
341	17.51
342	12.51
343	11.56
344	19.14
345	11.59
346	12.09
347	11.74
348	11.57
349	15.84
350	12.98
351	11.7
352	11.82
353	11.73
354	13.51
355	11.99
356	12.78
357	23.81
358	13.47
359	11.88
360	12.13
361	13.76
362	15.99
363	16.0
364	12.98
365	12.7
366	11.96
367	15.01
368	21.09
