35	0.5242
36	0.6097
37	0.6677
38	0.2597
39	0.3484
40	0.3419
41	0.4919
42	0.871
43	0.7887
44	0.2032
45	0.5371
46	0.321
47	0.8516
48	0.4597
49	0.6968
50	0.6661
51	0.7323
52	0.9032
53	0.229
54	0.7306
55	0.9113
56	0.6952
57	0.2661
58	0.7484
59	0.4855
60	0.9129
61	0.3823
62	0.7194
63	0.3323
64	0.3048
65	0.2323
66	0.35
67	0.4645
68	0.6274
69	0.4726
70	0.6226
71	0.1935
72	0.6871
73	0.5306
74	0.3129
75	0.2516
76	0.5274
77	0.529
78	0.2339
79	0.2726
80	0.3032
81	0.6613
82	0.7516
83	0.171
84	0.2694
85	0.2516
86	0.5452
87	0.3532
88	0.4258
89	0.5952
90	0.6984
91	0.7097
92	0.4597
93	0.7452
94	0.7081
95	0.7516
96	0.7258
97	0.8581
98	0.7145
99	0.3565
100	0.3565
101	0.8048
102	0.2532
103	0.471
104	0.3661
105	0.8371
106	0.7855
107	0.6129
108	0.3097
109	0.1935
110	0.3339
111	0.2355
112	0.1726
113	0.1935
114	0.821
115	0.8516
116	0.6177
117	0.3742
118	0.4258
119	0.4677
120	0.3952
121	0.5065
122	0.621
123	0.3016
124	0.2548
125	0.4048
126	0.9419
127	0.4919
128	0.9484
129	0.5274
130	0.7306
131	0.4065
132	0.279
133	0.2694
134	0.7532
135	0.7823
136	0.3081
137	0.8403
138	0.6177
139	0.2323
140	0.2532
141	0.5887
142	0.8677
143	0.8532
144	0.2677
145	0.2935
146	0.4774
147	0.9016
148	0.1887
149	0.9419
150	0.521
151	0.4871
152	0.8113
153	0.5145
154	0.4484
155	0.9516
156	0.4984
157	0.7758
158	0.6629
159	0.3952
160	0.8694
161	0.3226
162	0.8887
163	0.3258
164	0.3806
165	0.671
166	0.2177
167	0.8258
168	0.7306
169	0.3468
170	0.3403
171	0.1855
172	0.2839
173	0.2952
174	0.9548
175	0.7903
176	0.4984
177	0.8
178	0.7919
179	0.5339
180	0.3355
181	0.6645
182	0.6323
183	0.4597
184	0.729
185	0.1823
186	0.7694
187	0.8016
188	0.4274
189	0.4952
190	0.75
191	0.4774
192	0.3113
193	0.8
194	0.4516
195	0.8403
196	0.7565
197	0.6887
198	0.8903
199	0.4935
200	0.5097
201	0.3
202	0.8548
203	0.8032
204	0.3484
205	0.35
206	0.2935
207	0.3016
208	0.7952
209	0.5226
210	0.9306
211	0.9194
212	0.7403
213	0.1774
214	0.6113
215	0.521
216	0.4484
217	0.1903
218	0.9548
219	0.5984
220	0.7726
221	0.4645
222	0.8726
223	0.7435
224	0.6
225	0.6403
226	0.2
227	0.6403
228	0.4226
229	0.5952
230	0.9355
231	0.6016
232	0.4355
233	0.3565
234	0.9016
235	0.9597
236	0.2419
237	0.9597
238	0.521
239	0.1968
240	0.7065
241	0.1984
242	0.5581
243	0.629
244	0.7661
245	0.7242
246	0.5323
247	0.4113
248	0.9145
249	0.9016
250	0.6419
251	0.7871
252	0.1774
253	0.7484
254	0.3081
255	0.8855
256	0.8677
257	0.2065
258	0.3387
259	0.7484
260	0.3032
261	0.9161
262	0.5274
263	0.721
264	0.6984
265	0.8435
266	0.6387
267	0.5
268	0.5774
269	0.621
270	0.3161
271	0.8242
272	0.4
273	0.5839
274	0.4274
275	0.2419
276	0.5323
277	0.8274
278	0.8968
279	0.3403
280	0.5403
281	0.3677
282	0.8387
283	0.1694
284	0.3145
285	0.9274
286	0.1855
287	0.4565
288	0.2048
289	0.329
290	0.5065
291	0.4871
292	0.7484
293	0.3823
294	0.7194
295	0.471
296	0.7435
297	0.5258
298	0.8323
299	0.2371
300	0.3661
301	0.4403
302	0.6823
303	0.2323
304	0.3758
305	0.4242
306	0.3871
307	0.4581
308	0.4726
309	0.6355
310	0.9242
311	0.5516
312	0.7161
313	0.4984
314	0.4629
315	0.25
316	0.9726
317	0.421
318	0.1694
319	0.6855
320	0.6952
321	0.7984
322	0.2581
323	0.7629
324	0.6952
325	0.2452
326	0.4532
327	0.4097
328	0.3081
329	0.4371
330	0.9661
331	0.7258
332	0.3484
333	0.5597
334	0.2887
335	0.5919
336	0.5355
337	0.8403
338	0.7032
339	0.8468
340	0.8774
341	0.7016
342	0.5226
343	0.179
344	0.5613
345	0.779
346	0.1952
347	0.8226
348	0.2484
349	0.6629
350	0.4677
351	0.4629
352	0.1984
353	0.2661
354	0.2694
355	0.7887
356	0.6097
357	0.5774
358	0.721
359	0.1887
360	0.4081
361	0.5435
362	0.5194
363	0.5613
364	0.9694
365	0.6
366	0.379
367	0.171
368	0.5839
35	278.0
36	225.0
37	189.0
38	442.0
39	387.0
40	391.0
41	298.0
42	63.0
43	114.0
44	477.0
45	270.0
46	404.0
47	75.0
48	318.0
49	171.0
50	190.0
51	149.0
52	43.0
53	461.0
54	150.0
55	38.0
56	172.0
57	438.0
58	139.0
59	302.0
60	37.0
61	366.0
62	157.0
63	397.0
64	414.0
65	459.0
66	386.0
67	315.0
68	214.0
69	310.0
70	217.0
71	483.0
72	177.0
73	274.0
74	409.0
75	447.0
76	276.0
77	275.0
78	458.0
79	434.0
80	415.0
81	193.0
82	137.0
83	497.0
84	436.0
85	447.0
86	265.0
87	384.0
88	339.0
89	234.0
90	170.0
91	163.0
92	318.0
93	141.0
94	164.0
95	137.0
96	153.0
97	71.0
98	160.0
99	382.0
100	382.0
101	104.0
102	446.0
103	311.0
104	376.0
105	84.0
106	116.0
107	223.0
108	411.0
109	483.0
110	396.0
111	457.0
112	496.0
113	483.0
114	94.0
115	75.0
116	220.0
117	371.0
118	339.0
119	313.0
120	358.0
121	289.0
122	218.0
123	416.0
124	445.0
125	352.0
126	19.0
127	298.0
128	15.0
129	276.0
130	150.0
131	351.0
132	430.0
133	436.0
134	136.0
135	118.0
136	412.0
137	82.0
138	220.0
139	459.0
140	446.0
141	238.0
142	65.0
143	74.0
144	437.0
145	421.0
146	307.0
147	44.0
148	486.0
149	19.0
150	280.0
151	301.0
152	100.0
153	284.0
154	325.0
155	13.0
156	294.0
157	122.0
158	192.0
159	358.0
160	64.0
161	403.0
162	52.0
163	401.0
164	367.0
165	187.0
166	468.0
167	91.0
168	150.0
169	388.0
170	392.0
171	488.0
172	427.0
173	420.0
174	11.0
175	113.0
176	294.0
177	107.0
178	112.0
179	272.0
180	395.0
181	191.0
182	211.0
183	318.0
184	151.0
185	490.0
186	126.0
187	106.0
188	338.0
189	296.0
190	138.0
191	307.0
192	410.0
193	107.0
194	323.0
195	82.0
196	134.0
197	176.0
198	51.0
199	297.0
200	287.0
201	417.0
202	73.0
203	105.0
204	387.0
205	386.0
206	421.0
207	416.0
208	110.0
209	279.0
210	26.0
211	33.0
212	144.0
213	493.0
214	224.0
215	280.0
216	325.0
217	485.0
218	11.0
219	232.0
220	124.0
221	315.0
222	62.0
223	142.0
224	231.0
225	206.0
226	479.0
227	206.0
228	341.0
229	234.0
230	23.0
231	230.0
232	333.0
233	382.0
234	44.0
235	8.0
236	453.0
237	8.0
238	280.0
239	481.0
240	165.0
241	480.0
242	257.0
243	213.0
244	128.0
245	154.0
246	273.0
247	348.0
248	36.0
249	44.0
250	205.0
251	115.0
252	493.0
253	139.0
254	412.0
255	54.0
256	65.0
257	475.0
258	393.0
259	139.0
260	415.0
261	35.0
262	276.0
263	156.0
264	170.0
265	80.0
266	207.0
267	293.0
268	245.0
269	218.0
270	407.0
271	92.0
272	355.0
273	241.0
274	338.0
275	453.0
276	273.0
277	90.0
278	47.0
279	392.0
280	268.0
281	375.0
282	83.0
283	498.0
284	408.0
285	28.0
286	488.0
287	320.0
288	476.0
289	399.0
290	289.0
291	301.0
292	139.0
293	366.0
294	157.0
295	311.0
296	142.0
297	277.0
298	87.0
299	456.0
300	376.0
301	330.0
302	180.0
303	459.0
304	370.0
305	340.0
306	363.0
307	319.0
308	310.0
309	209.0
310	30.0
311	261.0
312	159.0
313	294.0
314	316.0
315	448.0
316	0.0
317	342.0
318	498.0
319	178.0
320	172.0
321	108.0
322	443.0
323	130.0
324	172.0
325	451.0
326	322.0
327	349.0
328	412.0
329	332.0
330	4.0
331	153.0
332	387.0
333	256.0
334	424.0
335	236.0
336	271.0
337	82.0
338	167.0
339	78.0
340	59.0
341	168.0
342	279.0
343	492.0
344	255.0
345	120.0
346	482.0
347	93.0
348	449.0
349	192.0
350	313.0
351	316.0
352	480.0
353	438.0
354	436.0
355	114.0
356	225.0
357	245.0
358	156.0
359	486.0
360	350.0
361	266.0
362	281.0
363	255.0
364	2.0
365	231.0
366	368.0
367	497.0
368	241.0
35	0.2742
36	0.3182
37	0.3571
38	0.192
39	0.2134
40	0.2117
41	0.2605
42	0.625
43	0.4795
44	0.1804
45	0.28
46	0.2063
47	0.5833
48	0.2482
49	0.3804
50	0.3559
51	0.4134
52	0.7095
53	0.1855
54	0.4118
55	0.7343
56	0.3791
57	0.1934
58	0.4303
59	0.258
60	0.7394
61	0.2229
62	0.4008
63	0.2092
64	0.2023
65	0.1862
66	0.2138
67	0.25
68	0.3292
69	0.253
70	0.3261
71	0.1786
72	0.3723
73	0.277
74	0.2043
75	0.1902
76	0.2756
77	0.2763
78	0.1865
79	0.1948
80	0.2019
81	0.3523
82	0.4339
83	0.1744
84	0.1941
85	0.1902
86	0.2838
87	0.2147
88	0.2365
89	0.3097
90	0.3818
91	0.3918
92	0.2482
93	0.4268
94	0.3903
95	0.4339
96	0.407
97	0.5966
98	0.3962
99	0.2156
100	0.2156
101	0.5024
102	0.1906
103	0.2524
104	0.2183
105	0.5556
106	0.4751
107	0.3201
108	0.2035
109	0.1786
110	0.2096
111	0.1868
112	0.1747
113	0.1786
114	0.5276
115	0.5833
116	0.3231
117	0.2206
118	0.2365
119	0.2512
120	0.2268
121	0.2665
122	0.3251
123	0.2015
124	0.1909
125	0.2298
126	0.8468
127	0.2605
128	0.875
129	0.2756
130	0.4118
131	0.2303
132	0.1963
133	0.1941
134	0.4357
135	0.4709
136	0.2031
137	0.5615
138	0.3231
139	0.1862
140	0.1906
141	0.3061
142	0.6176
143	0.5866
144	0.1937
145	0.1996
146	0.2549
147	0.7047
148	0.1777
149	0.8468
150	0.2727
151	0.2586
152	0.5122
153	0.2699
154	0.2442
155	0.8898
156	0.2632
157	0.4626
158	0.3535
159	0.2268
160	0.6213
161	0.2067
162	0.6688
163	0.2075
164	0.2225
165	0.3596
166	0.1832
167	0.5357
168	0.4118
169	0.213
170	0.2113
171	0.1771
172	0.1974
173	0.2
174	0.9052
175	0.4817
176	0.2632
177	0.4953
178	0.4839
179	0.2785
180	0.21
181	0.3547
182	0.3323
183	0.2482
184	0.4102
185	0.1765
186	0.4545
187	0.4976
188	0.237
189	0.2618
190	0.4321
191	0.2549
192	0.2039
193	0.4953
194	0.2453
195	0.5615
196	0.4393
197	0.3737
198	0.6731
199	0.2612
200	0.2679
201	0.2011
202	0.5899
203	0.5
204	0.2134
205	0.2138
206	0.1996
207	0.2015
208	0.4884
209	0.2734
210	0.8015
211	0.7609
212	0.4217
213	0.1756
214	0.3191
215	0.2727
216	0.2442
217	0.178
218	0.9052
219	0.3116
220	0.4585
221	0.25
222	0.6287
223	0.4251
224	0.3125
225	0.3376
226	0.1798
227	0.3376
228	0.2354
229	0.3097
230	0.8203
231	0.3134
232	0.2397
233	0.2156
234	0.7047
235	0.9292
236	0.1882
237	0.9292
238	0.2727
239	0.1792
240	0.3889
241	0.1795
242	0.2901
243	0.3302
244	0.4506
245	0.4054
246	0.2778
247	0.2318
248	0.7447
249	0.7047
250	0.3387
251	0.4773
252	0.1756
253	0.4303
254	0.2031
255	0.6604
256	0.6176
257	0.181
258	0.2108
259	0.4303
260	0.2019
261	0.75
262	0.2756
263	0.4023
264	0.3818
265	0.5676
266	0.3365
267	0.2638
268	0.3
269	0.3251
270	0.2051
271	0.533
272	0.2283
273	0.3035
274	0.237
275	0.1882
276	0.2778
277	0.5385
278	0.6908
279	0.2113
280	0.2815
281	0.2188
282	0.5585
283	0.1741
284	0.2047
285	0.7895
286	0.1771
287	0.2471
288	0.1807
289	0.2083
290	0.2665
291	0.2586
292	0.4303
293	0.2229
294	0.4008
295	0.2524
296	0.4251
297	0.2749
298	0.5469
299	0.1872
300	0.2183
301	0.2414
302	0.3684
303	0.1862
304	0.2211
305	0.236
306	0.2244
307	0.2476
308	0.253
309	0.3344
310	0.7778
311	0.2869
312	0.3977
313	0.2632
314	0.2494
315	0.1899
316	1.0
317	0.2349
318	0.1741
319	0.371
320	0.3791
321	0.493
322	0.1916
323	0.4468
324	0.3791
325	0.1888
326	0.2459
327	0.2313
328	0.2031
329	0.2403
330	0.9633
331	0.407
332	0.2134
333	0.2909
334	0.1985
335	0.3079
336	0.2793
337	0.5615
338	0.386
339	0.5738
340	0.6402
341	0.3846
342	0.2734
343	0.1759
344	0.2917
345	0.4667
346	0.1789
347	0.5303
348	0.1895
349	0.3535
350	0.2512
351	0.2494
352	0.1795
353	0.1934
354	0.1941
355	0.4795
356	0.3182
357	0.3
358	0.4023
359	0.1777
360	0.2308
361	0.283
362	0.272
363	0.2917
364	0.9813
365	0.3125
366	0.222
367	0.1744
368	0.3035
35	0.9283
36	0.9414
37	0.9479
38	0.7671
39	0.8672
40	0.8629
41	0.9217
42	0.9624
43	0.9576
44	0.5526
45	0.9306
46	0.8468
47	0.9614
48	0.9137
49	0.9506
50	0.9477
51	0.9536
52	0.964
53	0.6852
54	0.9534
55	0.9644
56	0.9504
57	0.7792
58	0.9548
59	0.9202
60	0.9644
61	0.8859
62	0.9525
63	0.8559
64	0.8317
65	0.6964
66	0.8682
67	0.915
68	0.9435
69	0.9171
70	0.943
71	0.4688
72	0.9497
73	0.9295
74	0.8396
75	0.75
76	0.9289
77	0.9292
78	0.7018
79	0.7901
80	0.83
81	0.9472
82	0.955
83	0.05556
84	0.7848
85	0.75
86	0.932
87	0.8702
88	0.9034
89	0.9395
90	0.9507
91	0.9517
92	0.9137
93	0.9545
94	0.9516
95	0.955
96	0.953
97	0.9617
98	0.9521
99	0.8722
100	0.8722
101	0.9586
102	0.7536
103	0.9167
104	0.8777
105	0.9606
106	0.9574
107	0.9418
108	0.8365
109	0.4688
110	0.8571
111	0.7069
112	0.1053
113	0.4688
114	0.9596
115	0.9614
116	0.9424
117	0.8819
118	0.9034
119	0.9158
120	0.8917
121	0.9248
122	0.9428
123	0.8283
124	0.7571
125	0.8957
126	0.9657
127	0.9217
128	0.966
129	0.9289
130	0.9534
131	0.8963
132	0.8
133	0.7848
134	0.9551
135	0.9572
136	0.835
137	0.9607
138	0.9424
139	0.6964
140	0.7536
141	0.9386
142	0.9622
143	0.9615
144	0.7821
145	0.8191
146	0.9183
147	0.9639
148	0.4138
149	0.9657
150	0.9277
151	0.9206
152	0.959
153	0.9264
154	0.9105
155	0.9661
156	0.9231
157	0.9567
158	0.9474
159	0.8917
160	0.9623
161	0.8482
162	0.9633
163	0.8509
164	0.8851
165	0.9482
166	0.6383
167	0.9599
168	0.9534
169	0.8661
170	0.8618
171	0.3704
172	0.8068
173	0.8211
174	0.9663
175	0.9577
176	0.9231
177	0.9583
178	0.9578
179	0.93
180	0.8583
181	0.9475
182	0.9441
183	0.9137
184	0.9533
185	0.32
186	0.9563
187	0.9584
188	0.904
189	0.9224
190	0.9549
191	0.9183
192	0.8381
193	0.9583
194	0.9115
195	0.9607
196	0.9554
197	0.9499
198	0.9634
199	0.922
200	0.9254
201	0.8265
202	0.9615
203	0.9585
204	0.8672
205	0.8682
206	0.8191
207	0.8283
208	0.958
209	0.928
210	0.9652
211	0.9647
212	0.9542
213	0.2273
214	0.9416
215	0.9277
216	0.9105
217	0.4333
218	0.9663
219	0.9399
220	0.9565
221	0.915
222	0.9625
223	0.9544
224	0.9401
225	0.945
226	0.5278
227	0.945
228	0.9023
229	0.9395
230	0.9654
231	0.9404
232	0.9066
233	0.8722
234	0.9639
235	0.9665
236	0.7258
237	0.9665
238	0.9277
239	0.5
240	0.9514
241	0.5143
242	0.9341
243	0.9437
244	0.9561
245	0.9529
246	0.9298
247	0.8982
248	0.9645
249	0.9639
250	0.9452
251	0.9575
252	0.2273
253	0.9548
254	0.835
255	0.9631
256	0.9622
257	0.575
258	0.8607
259	0.9548
260	0.83
261	0.9646
262	0.9289
263	0.9526
264	0.9507
265	0.9609
266	0.9448
267	0.9234
268	0.937
269	0.9428
270	0.8426
271	0.9598
272	0.8938
273	0.938
274	0.904
275	0.7258
276	0.9298
277	0.96
278	0.9637
279	0.8618
280	0.9312
281	0.8786
282	0.9606
283	0.0
284	0.8411
285	0.9651
286	0.3704
287	0.9128
288	0.5641
289	0.8534
290	0.9248
291	0.9206
292	0.9548
293	0.8859
294	0.9525
295	0.9167
296	0.9544
297	0.9286
298	0.9603
299	0.7119
300	0.8777
301	0.9081
302	0.9493
303	0.6964
304	0.8828
305	0.9029
306	0.8882
307	0.9133
308	0.9171
309	0.9444
310	0.9649
311	0.9331
312	0.9522
313	0.9231
314	0.9146
315	0.7463
316	0.967
317	0.9017
318	0.0
319	0.9496
320	0.9504
321	0.9582
322	0.7639
323	0.9558
324	0.9504
325	0.7344
326	0.9119
327	0.8976
328	0.835
329	0.9071
330	0.9667
331	0.953
332	0.8672
333	0.9344
334	0.8132
335	0.9391
336	0.9303
337	0.9607
338	0.9511
339	0.9611
340	0.9627
341	0.951
342	0.928
343	0.2609
344	0.9346
345	0.957
346	0.4848
347	0.9597
348	0.7424
349	0.9474
350	0.9158
351	0.9146
352	0.5143
353	0.7792
354	0.7848
355	0.9576
356	0.9414
357	0.937
358	0.9526
359	0.4138
360	0.897
361	0.9317
362	0.9274
363	0.9346
364	0.9669
365	0.9401
366	0.8844
367	0.05556
368	0.938
35	220.0
36	273.0
37	309.0
38	56.0
39	111.0
40	107.0
41	200.0
42	435.0
43	384.0
44	21.0
45	228.0
46	94.0
47	423.0
48	180.0
49	327.0
50	308.0
51	349.0
52	455.0
53	37.0
54	348.0
55	460.0
56	326.0
57	60.0
58	359.0
59	196.0
60	461.0
61	132.0
62	341.0
63	101.0
64	84.0
65	39.0
66	112.0
67	183.0
68	284.0
69	188.0
70	281.0
71	15.0
72	321.0
73	224.0
74	89.0
75	51.0
76	222.0
77	223.0
78	40.0
79	64.0
80	83.0
81	305.0
82	361.0
83	1.0
84	62.0
85	51.0
86	233.0
87	114.0
88	159.0
89	264.0
90	328.0
91	335.0
92	180.0
93	357.0
94	334.0
95	361.0
96	345.0
97	427.0
98	338.0
99	116.0
100	116.0
101	394.0
102	52.0
103	187.0
104	122.0
105	414.0
106	382.0
107	275.0
108	87.0
109	15.0
110	102.0
111	41.0
112	2.0
113	15.0
114	404.0
115	423.0
116	278.0
117	127.0
118	159.0
119	185.0
120	140.0
121	209.0
122	280.0
123	82.0
124	53.0
125	146.0
126	479.0
127	200.0
128	483.0
129	222.0
130	348.0
131	147.0
132	68.0
133	62.0
134	362.0
135	380.0
136	86.0
137	416.0
138	278.0
139	39.0
140	52.0
141	260.0
142	433.0
143	424.0
144	61.0
145	77.0
146	191.0
147	454.0
148	12.0
149	479.0
150	218.0
151	197.0
152	398.0
153	214.0
154	173.0
155	485.0
156	204.0
157	376.0
158	306.0
159	140.0
160	434.0
161	95.0
162	446.0
163	97.0
164	131.0
165	311.0
166	30.0
167	407.0
168	348.0
169	110.0
170	106.0
171	10.0
172	71.0
173	78.0
174	487.0
175	385.0
176	204.0
177	391.0
178	386.0
179	226.0
180	103.0
181	307.0
182	287.0
183	180.0
184	347.0
185	8.0
186	372.0
187	392.0
188	160.0
189	202.0
190	360.0
191	191.0
192	88.0
193	391.0
194	175.0
195	416.0
196	364.0
197	322.0
198	447.0
199	201.0
200	211.0
201	81.0
202	425.0
203	393.0
204	111.0
205	112.0
206	77.0
207	82.0
208	388.0
209	219.0
210	472.0
211	465.0
212	354.0
213	5.0
214	274.0
215	218.0
216	173.0
217	13.0
218	487.0
219	266.0
220	374.0
221	183.0
222	436.0
223	356.0
224	267.0
225	292.0
226	19.0
227	292.0
228	157.0
229	264.0
230	475.0
231	268.0
232	165.0
233	116.0
234	454.0
235	490.0
236	45.0
237	490.0
238	218.0
239	17.0
240	333.0
241	18.0
242	241.0
243	285.0
244	370.0
245	344.0
246	225.0
247	150.0
248	462.0
249	454.0
250	293.0
251	383.0
252	5.0
253	359.0
254	86.0
255	444.0
256	433.0
257	23.0
258	105.0
259	359.0
260	83.0
261	463.0
262	222.0
263	342.0
264	328.0
265	418.0
266	291.0
267	205.0
268	253.0
269	280.0
270	91.0
271	406.0
272	143.0
273	257.0
274	160.0
275	45.0
276	225.0
277	408.0
278	451.0
279	106.0
280	230.0
281	123.0
282	415.0
283	0.0
284	90.0
285	470.0
286	10.0
287	178.0
288	22.0
289	99.0
290	209.0
291	197.0
292	359.0
293	132.0
294	341.0
295	187.0
296	356.0
297	221.0
298	411.0
299	42.0
300	122.0
301	168.0
302	318.0
303	39.0
304	128.0
305	158.0
306	135.0
307	179.0
308	188.0
309	289.0
310	468.0
311	237.0
312	339.0
313	204.0
314	182.0
315	50.0
316	498.0
317	156.0
318	0.0
319	320.0
320	326.0
321	390.0
322	55.0
323	368.0
324	326.0
325	47.0
326	176.0
327	149.0
328	86.0
329	166.0
330	494.0
331	345.0
332	111.0
333	242.0
334	74.0
335	262.0
336	227.0
337	416.0
338	331.0
339	420.0
340	439.0
341	330.0
342	219.0
343	6.0
344	243.0
345	378.0
346	16.0
347	405.0
348	49.0
349	306.0
350	185.0
351	182.0
352	18.0
353	60.0
354	62.0
355	384.0
356	273.0
357	253.0
358	342.0
359	12.0
360	148.0
361	232.0
362	217.0
363	243.0
364	496.0
365	267.0
366	130.0
367	1.0
368	257.0
35	13.73
36	11.85
37	11.47
38	13.51
39	13.68
40	11.29
41	13.04
42	12.07
43	13.41
44	14.32
45	12.25
46	14.43
47	11.27
48	12.9
49	12.0
50	15.65
51	14.76
52	17.15
53	12.91
54	11.87
55	12.15
56	14.7
57	11.55
58	12.81
59	14.09
60	12.05
61	11.57
62	11.13
63	11.96
64	13.25
65	13.49
66	15.38
67	12.02
68	11.09
69	11.1
70	12.34
71	13.31
72	11.71
73	11.21
74	12.42
75	12.74
76	11.44
77	17.43
78	12.31
79	11.28
80	11.81
81	12.15
82	13.76
83	11.94
84	19.69
85	11.37
86	13.06
87	13.66
88	11.06
89	13.53
90	11.1
91	11.33
92	13.64
93	11.65
94	14.48
95	13.01
96	11.37
97	11.53
98	11.62
99	14.51
100	11.79
101	14.27
102	13.91
103	12.73
104	11.34
105	14.06
106	11.7
107	11.73
108	11.25
109	12.14
110	17.63
111	11.42
112	11.22
113	11.76
114	14.05
115	17.29
116	12.41
117	11.56
118	12.22
119	11.07
120	11.8
121	11.82
122	12.98
123	11.57
124	12.53
125	15.63
126	13.01
127	13.51
128	12.53
129	26.66
130	13.62
131	12.05
132	11.04
133	11.7
134	11.16
135	11.28
136	11.3
137	14.26
138	11.52
139	15.2
140	19.78
141	11.62
142	12.61
143	16.47
144	12.06
145	11.91
146	13.57
147	13.74
148	13.87
149	10.98
150	14.91
151	14.76
152	12.32
153	12.47
154	11.51
155	11.71
156	13.66
157	11.64
158	13.61
159	11.61
160	15.08
161	16.66
162	18.77
163	12.38
164	12.48
165	14.82
166	11.05
167	11.24
168	15.52
169	12.66
170	12.16
171	10.99
172	13.89
173	15.66
174	11.03
175	12.02
176	12.99
177	11.61
178	15.48
179	11.24
180	11.65
181	14.15
182	13.73
183	13.99
184	14.74
185	14.43
186	11.38
187	11.64
188	13.83
189	11.87
190	12.19
191	12.61
192	11.86
193	15.01
194	11.02
195	11.73
196	17.22
197	11.38
198	12.25
199	11.69
200	11.69
201	13.08
202	12.66
203	11.2
204	13.42
205	13.75
206	14.22
207	11.54
208	12.04
209	11.15
210	12.08
211	15.84
212	11.23
213	11.39
214	12.28
215	11.0
216	11.09
217	11.22
218	15.87
219	12.16
220	10.98
221	11.23
222	11.6
223	11.41
224	12.3
225	11.63
226	11.6
227	13.48
228	11.53
229	18.87
230	11.29
231	11.18
232	12.12
233	12.53
234	12.7
235	11.65
236	11.39
237	11.16
238	11.66
239	11.11
240	13.75
241	14.9
242	11.44
243	11.72
244	13.16
245	11.16
246	15.17
247	12.11
248	12.72
249	16.24
250	12.54
251	13.04
252	11.6
253	14.91
254	12.18
255	14.42
256	12.72
257	11.68
258	11.93
259	14.09
260	12.23
261	14.11
262	13.76
263	11.75
264	11.52
265	11.03
266	17.25
267	12.13
268	12.41
269	11.56
270	13.08
271	12.58
272	11.09
273	11.06
274	11.61
275	16.26
276	16.09
277	12.09
278	12.02
279	11.59
280	11.13
281	14.61
282	17.77
283	17.2
284	16.86
285	14.19
286	11.14
287	13.12
288	12.22
289	18.25
290	13.99
291	13.52
292	13.05
293	11.08
294	11.04
295	12.84
296	14.83
297	12.76
298	13.3
299	11.65
300	12.1
301	11.0
302	11.49
303	11.04
304	17.66
305	13.7
306	14.52
307	11.77
308	11.1
309	13.63
310	14.09
311	11.14
312	12.88
313	11.06
314	11.43
315	15.03
316	11.55
317	11.55
318	11.71
319	14.16
320	13.1
321	11.46
322	12.89
323	20.38
324	14.71
325	15.86
326	12.81
327	14.88
328	11.39
329	19.05
330	13.87
331	16.35
332	17.99
333	13.74
334	13.44
335	11.42
336	12.22
337	11.5
338	11.4
339	16.26
340	11.41
341	11.92
342	11.53
343	12.21
344	11.76
345	11.11
346	15.0
347	13.89
348	17.42
349	12.98
350	16.69
351	13.69
352	15.95
353	11.07
354	11.43
355	11.51
356	13.8
357	12.07
358	11.71
359	11.22
360	18.02
361	13.37
362	12.21
363	12.57
364	11.47
365	12.14
366	16.5
367	14.6
368	14.76
